DEC: 0.000000    0.000000    0.000000    0.000000    
0.00π = 0.000000     
PI: (0/36000)π    0.000000    0.000000    0.000000    0.000000    

DEC: 0.057296    0.057296    0.057296    0.057273    
0.01π = 0.000000     
PI: (1/36000)π    0.000087    0.000087    0.000087    0.000087    

DEC: 0.114592    0.114592    0.114592    0.114545    
0.02π = 0.000000     
